SliceNum	WSCellPos,X	WSCellPos,Y	WSCellPos,LinIdx	WSCellArea(px2)	
12	14.41935483870968	100.1075268817204	1660	279
12	5.110344827586207	103.3448275862069	583	145
12	3.531914893617021	116.8723404255319	477	47
12	11.65909090909091	115.0795454545455	1435	88
12	22.90740740740741	118.037037037037	2758	54
12	34.09333333333333	100.5833333333333	4061	300
12	30.5	117.2857142857143	3717	14
13	4.724137931034483	76.17241379310344	556	29
13	10.92638036809816	90.16564417177914	1290	326
13	5.13103448275862	103.1862068965517	583	145
13	3.531914893617021	116.8723404255319	477	47
13	13.79865771812081	111.6308724832215	1672	149
13	20.71186440677966	117.6271186440678	2518	59
13	24.34640522875817	86.73856209150327	2847	153
13	35.62702702702703	102.4486486486486	4302	555
14	4.76	38.44	518	25
14	6.413043478260869	47.23188405797102	647	138
14	5.919463087248322	60.91946308724832	661	149
14	4.190476190476191	80.85714285714286	441	147
14	5.046153846153846	102.3461538461538	582	130
14	2.814814814814815	117.8518518518518	358	27
14	20.20316027088036	89.19413092550791	2369	443
14	12.23404255319149	112.0904255319149	1432	188
14	14.47236180904523	72.37688442211055	1632	199
14	16.41830065359477	36.45098039215686	1836	153
14	18.75	51.29651162790697	2211	172
14	22.19298245614035	118	2638	57
14	30.99736147757256	108.4881266490765	3708	379
14	27.69318181818182	72.40909090909091	3312	88
14	26.625	33.79166666666666	3154	48
14	27.63829787234043	42.14893617021276	3282	47
14	39.3	90.80800000000001	4651	250
14	48.83088235294117	111.3088235294118	5871	272
15	5.682926829268292	25.5609756097561	626	82
15	4.402597402597403	35.67532467532467	396	77
15	6.811688311688312	47.23376623376623	767	154
15	5.511111111111111	61.25925925925926	661	135
15	3.598425196850394	80.06299212598425	440	127
15	17.72069825436409	90.22443890274315	2130	401
15	5.963414634146342	104.0975609756098	704	164
15	14.02307692307692	114.7846153846154	1675	260
15	14.02283105022831	71.94063926940639	1632	219
15	16.13973799126638	31.43668122270742	1831	229
15	21.06072874493927	51.72064777327935	2452	247
15	28.12994350282486	29.38983050847458	3269	177
15	31.65722379603399	109.1189801699717	3829	353
15	32.62227074235808	67.80786026200873	3908	458
15	36.27586206896552	45.26332288401254	4245	319
15	38.56830601092896	89.52732240437159	4650	366
15	45.58571428571429	31.25714285714286	5431	70
15	54.70149253731343	117.8880597014925	6598	134
15	50.78368794326241	106.0141843971631	6106	282
15	49.29059829059829	53.8034188034188	5814	117
15	48.28571428571428	72.56043956043956	5713	91
15	51.9367088607595	36.9367088607595	6157	79
15	50.08695652173913	84.76086956521739	5965	46
16	5.149171270718232	19.89502762430939	500	181
16	3.939024390243902	36.36585365853659	396	82
16	5.596491228070176	48.78070175438597	649	114
16	4.5	61.31	541	100
16	3.60431654676259	80.5251798561151	441	139
16	5.916666666666667	103.6055555555556	704	180
16	16.69642857142857	111.140306122449	2031	392
16	10.87378640776699	91.6116504854369	1292	103
16	14.47719298245614	72.68421052631579	1633	285
16	15.38785046728972	31.36915887850467	1711	214
16	18.70318021201414	51.69611307420494	2212	283
16	16.93939393939394	15.03030303030303	1935	66
16	23.55609756097561	88.16585365853659	2848	205
16	29.38805970149254	25.68656716417911	3386	335
16	34.91313559322034	68.16101694915254	4148	472
16	34.22054380664652	44.94561933534743	4005	331
16	36.37431693989071	111.0054644808743	4311	366
16	39.53516819571865	90.22935779816514	4770	327
16	40.7103825136612	15.0655737704918	4815	183
16	43.5	29.325	5189	80
16	50.38325991189427	51.07048458149779	5931	227
16	49.87068965517241	74.18103448275862	5954	116
16	51.58125	109.125	6229	160
16	52.91129032258065	38.07258064516129	6278	124
16	55.34389140271493	24.79638009049774	6505	221
16	54.025	97.21666666666667	6457	120
16	56.1937984496124	84.82170542635659	6685	129
16	65.11226252158895	66.53886010362694	7747	579
16	62.33333333333334	117.5	7438	120
16	66.40969162995594	95.6079295154185	7896	227
16	69.74305555555556	42.77430555555556	8323	288
16	62.88888888888889	20.88888888888889	7461	9
16	71.33333333333333	110.1085271317829	8510	129
16	67.125	31.875	7952	16
16	84.4766355140187	107.6168224299065	10068	214
16	76.59016393442623	84.78688524590164	9205	61
16	82.55026455026454	53.66137566137566	9894	189
16	75.36842105263158	76.73684210526316	8957	19
16	81.44827586206897	118.3103448275862	9718	58
16	79.57142857142857	63	9543	7
16	102.5870967741936	117.1806451612903	12357	155
16	110.7734375	107.328125	13307	256
16	118	118.5	14159	20
17	13.30980392156863	10.73333333333333	1451	255
17	4.550898203592815	20.77844311377245	501	167
17	3.933333333333333	36.86666666666667	397	75
17	4.658653846153846	55.76923076923077	536	208
17	3.62406015037594	81.00751879699249	441	133
17	4.166666666666667	102.6111111111111	463	108
17	14.92271662763466	110.8220140515222	1791	427
17	10.95412844036697	92.56880733944953	1293	109
17	14.08921933085502	73.25278810408922	1633	269
17	16.21513944223108	30.70916334661355	1831	251
17	17.67741935483871	51.07419354838709	2091	310
17	23.74666666666667	88.08888888888889	2848	225
17	32.7029702970297	68.55940594059406	3909	404
17	31.08219178082192	26.18082191780822	3626	365
17	35.89349112426036	46.90828402366864	4247	338
17	33.38222222222223	104.0177777777778	3944	225
17	36.84905660377358	117.2704402515723	4437	159
17	30.57142857142857	7.678571428571429	3608	56
17	41.17153284671533	90.43430656934306	4890	274
17	45.27464788732394	11.17605633802817	5291	284
17	42.74683544303797	30.11392405063291	5070	79
17	51.26548672566372	110.4955752212389	6110	226
17	52.21031746031746	52.90079365079365	6173	252
17	60.67741935483871	67.57903225806452	7268	620
17	55.55294117647059	85.65882352941176	6686	170
17	54.65189873417722	24.55696202531646	6505	158
17	54.01875	37.225	6397	160
17	64.128	97.776	7658	375
17	58.51612903225806	8.556451612903226	6969	124
17	68.25465838509317	17.90683229813665	8058	161
17	70.0625	45.61538461538461	8326	208
17	66.78313253012048	78.43373493975903	7998	83
17	72.83214285714286	32.44642857142857	8672	280
17	69.78294573643412	113.0232558139535	8393	129
17	82.43430656934306	85.06204379562044	9805	274
17	80.8	118.2909090909091	9718	55
17	79.89285714285714	14.21428571428571	9494	84
17	83.66359447004608	52.43778801843318	10012	217
17	85.68781725888324	104.7944162436548	10305	394
17	92.662100456621	32.31963470319635	11072	219
17	83.95454545454545	69.89204545454545	10030	176
17	96.73648648648648	51.55743243243244	11572	296
17	104.3100436681223	116.5807860262009	12477	229
17	99.48235294117647	93.95882352941176	11854	170
17	95.29347826086956	74.51086956521739	11355	92
17	102.9912280701754	80.85087719298245	12321	114
17	106.6976744186046	70.62790697674419	12791	43
17	107.8465909090909	105.6363636363636	12946	176
17	113.1932773109244	34.39495798319328	13474	238
17	110.125	94.875	13175	16
17	118.3809523809524	99.95238095238095	14140	21
17	118.3404255319149	109.2553191489362	14149	47
18	13.46260387811634	9.371191135734072	1449	361
18	4.194444444444445	21.32638888888889	381	144
18	3.91044776119403	36.29850746268657	396	67
18	4.592592592592593	55.875	536	216
18	2.8	81.65882352941176	322	85
18	7.982035928143713	95.18562874251496	935	167
18	4.5	108	588	88
18	7.064102564102564	117.6666666666667	838	78
18	12.74137931034483	74.88275862068966	1515	290
18	16.16078431372549	30.93333333333333	1831	255
18	17.78247734138973	51.55287009063444	2092	331
18	17.18410041841004	109.2259414225941	2029	239
18	22.63725490196078	89.32352941176471	2729	204
18	32.1460396039604	69.16089108910892	3789	404
18	31.54335260115607	5.439306358381502	3725	173
18	27.86330935251799	22.76978417266187	3263	139
18	32.728	105.512	3946	250
18	35.9367088607595	117.3291139240506	4317	158
18	34.75067024128686	46.45844504021448	4126	373
18	39.37130801687763	30.16877637130802	4590	237
18	38.85761589403973	90.46026490066225	4650	302
18	40.6931216931217	13.95238095238095	4814	189
18	51.25213675213675	53.47863247863248	6053	234
18	51.44708994708995	78.14285714285714	6078	378
18	52.1578947368421	109.834008097166	6230	247
18	56.35	8.289999999999999	6608	300
18	53.58783783783784	38.73648648648648	6399	148
18	54.25352112676056	24.86619718309859	6385	142
18	66.93303571428571	98.16741071428571	8018	448
18	66.63316582914572	64.02261306532664	7984	398
18	68.76470588235294	17.98930481283422	8178	187
18	73.3781512605042	44.03921568627451	8684	357
18	65.04081632653062	80.94897959183673	7761	98
18	70.51442307692308	30.76442307692308	8431	208
18	70.58552631578948	112.6842105263158	8513	152
18	72.09433962264151	3.283018867924528	8523	53
18	82.92167101827677	84.26631853785901	9924	383
18	80.06	118.5	9599	50
18	79.62711864406779	12.71186440677966	9493	118
18	85.03418803418803	51.99145299145299	10132	117
18	83.20879120879121	66.64285714285714	9907	182
18	92.77853881278538	28.10958904109589	11068	438
18	88.40684410646388	105.4562737642586	10545	263
18	104.2360515021459	116.587982832618	12477	233
18	99.39647577092511	51.38105726872246	11811	454
18	94.07692307692308	72.57692307692308	11233	104
18	100.427807486631	94.01069518716578	11974	187
18	107.585798816568	106.2189349112426	12946	169
18	106.1058823529412	79.66470588235295	12680	170
18	110.6102362204724	64.53937007874016	13265	254
18	113.4074074074074	32.24279835390946	13472	243
18	114.5619834710744	95.6198347107438	13776	121
18	116.1858407079646	48.8141592920354	13849	113
18	117.7261904761905	76.36904761904762	14116	84
18	118.5	109.5	14270	40
19	12.84960422163588	9.680738786279683	1450	379
19	3.494845360824742	20.79381443298969	261	97
19	3.105263157894737	34.8421052631579	275	57
19	5.14957264957265	56.68376068376068	537	234
19	2.5	78.5	319	56
19	8.898601398601398	94.46153846153847	1054	286
19	4.5	109	589	72
19	9.087378640776699	117.6407766990291	1078	103
19	14.13897280966767	74.30815709969788	1634	331
19	15.2520325203252	36.07317073170731	1716	123
19	14.97549019607843	47.58333333333334	1728	204
19	14.36290322580645	26.70161290322581	1587	124
19	18.11442786069652	108.2686567164179	2148	201
19	21.78260869565218	60.18840579710145	2580	69
19	23.86754966887417	90.23178807947019	2850	151
19	26.16239316239316	23.75213675213675	3024	117
19	34.42439024390244	116.3121951219512	4076	205
19	30.00751879699248	4.781954887218046	3485	133
19	25.29032258064516	53.64516129032258	2934	31
19	33.24064171122995	69.63903743315508	3910	374
19	32.70348837209303	49.44186046511628	3889	172
19	36.89812332439678	34.41286863270778	4354	373
19	33.48765432098765	104.3024691358025	3944	162
19	38.48872180451128	13.71052631578947	4454	266
19	40.04481792717087	91.01960784313725	4771	357
19	50.06206896551724	53.41379310344828	5933	290
19	56.573055028463	78.26565464895636	6798	527
19	50.26966292134831	109.9157303370787	5990	178
19	52.96124031007752	38.7906976744186	6279	129
19	57.53846153846154	10.18028846153846	6850	416
19	53.68888888888889	26.36296296296296	6386	135
19	55.48484848484848	97.90909090909091	6578	99
19	59.23529411764706	118.1911764705882	7078	68
19	66.11347517730496	64.88297872340425	7865	282
19	69.92118226600985	23.60098522167488	8304	203
19	69.52777777777777	103.4940476190476	8383	504
19	66.85148514851485	34.34653465346535	7954	101
19	71.33153638814017	46.57951482479784	8447	371
19	72.40677966101696	3.35593220338983	8523	59
19	80.00689655172414	12.78620689655172	9493	145
19	83.52980132450331	85.13245033112582	10045	302
19	79.98039215686275	118.4705882352941	9598	51
19	81.5919540229885	67.76436781609195	9788	174
19	92.87179487179488	28.16239316239316	11068	468
19	85.37272727272727	54.03636363636364	10134	110
19	87.70547945205479	105.1198630136986	10545	292
19	86.78703703703704	42.62962962962963	10363	108
19	92.85858585858585	73.07070707070707	11113	99
19	88.88888888888889	13.38888888888889	10573	18
19	102.1326530612245	116.6173469387755	12237	196
19	100.2608695652174	52.25869565217391	11932	460
19	100.7128205128205	94.46666666666667	12094	195
19	105.6636771300448	81.30493273542601	12681	223
19	107.2083333333333	106.4345238095238	12826	168
19	110.2651515151515	65.55681818181819	13146	264
19	113.5931558935361	30.18631178707224	13590	263
19	115.7062937062937	93.09790209790209	13893	143
19	116.4587155963303	48.80733944954128	13849	109
19	118.1527777777778	76.20833333333333	14116	72
19	118.2352941176471	111.5294117647059	14152	85
20	13.42955326460481	8.061855670103093	1448	291
20	4.570422535211268	18.19014084507042	498	142
20	3.909090909090909	34.93181818181818	395	88
20	6.316666666666666	58.14	658	300
20	3.060606060606061	78.74242424242425	319	66
20	8.884920634920634	93.44047619047619	1053	252
20	7.957831325301205	107.3433734939759	947	166
20	8	117.6741573033708	958	89
20	14.80714285714286	46.37857142857143	1726	140
20	14.29054054054054	79.96621621621621	1640	148
20	20.66666666666667	24.09259259259259	2424	270
20	16.79878048780488	35.82926829268293	1956	164
20	16.93965517241379	69.95689655172414	1990	116
20	19.7948717948718	60.73076923076923	2341	78
20	20.70322580645161	112.2838709677419	2512	155
20	26.23236514522821	92.12033195020747	3092	241
20	30.24890829694323	49.93449781659389	3530	229
20	29.61832061068702	4.83206106870229	3485	131
20	33.26666666666667	103.3444444444444	3943	180
20	31.68361581920904	78.31073446327683	3798	177
20	34.46120689655172	65.57758620689656	4026	232
20	35.39189189189189	116.3108108108108	4196	148
20	38.38955823293173	14.6425702811245	4455	249
20	35.03043478260869	34.5	4115	230
20	48.93197278911565	53.47278911564626	5813	294
20	44.97058823529412	2.147058823529412	5282	34
20	51.003367003367	110.2289562289562	6110	297
20	55.43470483005367	79.31842576028623	6559	559
20	50.86979166666666	27.33854166666667	6027	192
20	51.25714285714286	39.42857142857143	6039	175
20	51.43093922651934	96.10497237569061	6096	181
20	57.57029177718833	10.6790450928382	6851	377
20	63.77935943060498	63.99288256227758	7624	281
20	63.61538461538461	118.3384615384615	7678	65
20	64.54629629629629	25.74074074074074	7706	108
20	67.35714285714286	48.23076923076923	7968	182
20	69.70843373493976	102.6024096385542	8383	415
20	68.02970297029702	34.61386138613862	8075	101
20	74.9908256880734	3.761467889908257	8884	109
20	77.31666666666666	16.00416666666667	9136	240
20	81.8391304347826	42.82608695652174	9763	230
20	79.80434782608695	68.36086956521739	9548	230
20	81.80487804878049	85.3130081300813	9805	246
20	82.28235294117647	117.9882352941176	9838	85
20	83.43065693430657	55.03649635036496	9895	137
20	92.20588235294117	28.21372549019608	10948	510
20	87.05535055350553	105.3616236162362	10425	271
20	91.99333333333334	9.993333333333334	10930	150
20	94.15333333333334	75.12666666666667	11235	150
20	98.57339449541284	95.06880733944953	11855	218
20	94.13274336283186	62.69911504424779	11223	113
20	102.4571428571429	117.4	12237	140
20	102.6077844311377	48.2065868263473	12288	334
20	106.734126984127	81.85714285714286	12802	252
20	106.6224489795918	107.6173469387755	12828	196
20	110.0772357723577	64.9430894308943	13145	246
20	111.7886597938144	23.93298969072165	13344	194
20	116.1666666666667	34.6	13835	90
20	115.7285714285714	93.99285714285715	13894	140
20	116.5075757575758	48.35606060606061	13968	132
20	118.4615384615385	76.53846153846153	14117	65
20	118	111.5	14152	90
21	12.39759036144578	7.216867469879518	1327	249
21	4.328	17.328	377	125
21	3.813186813186813	34.69230769230769	395	91
21	5.81180811808118	57.50922509225092	658	271
21	4.968	79.55200000000001	560	125
21	8.926940639269406	94.05022831050228	1054	219
21	7.573033707865169	107.4550561797753	947	178
21	17.29078014184397	113.3049645390071	2033	282
21	20.71153846153846	23.33791208791209	2423	364
21	13.25531914893617	46.61702127659574	1487	94
21	15.31111111111111	36.86666666666667	1717	135
21	16.31720430107527	67.11827956989248	1867	186
21	17.83850931677019	81.14906832298136	2121	161
21	29.57563025210084	48.94957983193277	3529	238
21	26.34653465346535	93.52475247524752	3094	202
21	29.05594405594406	5.132867132867132	3365	143
21	33.11111111111111	64.36507936507937	3904	378
21	33.01041666666666	36.95833333333334	3877	192
21	31.87786259541985	80.12213740458016	3800	131
21	34.8125	103.10625	4183	160
21	31.38235294117647	116.2941176470588	3716	68
21	40.35897435897436	13.44444444444444	4693	234
21	42.60248447204969	26.78260869565218	5067	161
21	40.57954545454545	88.88636363636364	4889	88
21	43.34031413612566	113.413612565445	5153	191
21	45.26086956521739	2.456521739130435	5282	46
21	55.33791748526522	79.57367387033399	6560	509
21	50.06227106227107	51.95238095238095	5932	273
21	51.84967320261438	39.05882352941177	6159	153
21	52.51666666666667	98.08750000000001	6338	240
21	63.13215859030837	8.680616740088105	7449	454
21	61.16967509025271	26.31768953068592	7226	277
21	64.16374269005848	64.47076023391813	7624	342
21	61.46315789473685	117.9473684210526	7318	95
21	69.5775	103.2175	8383	400
21	67.07142857142857	36.73469387755102	7957	98
21	68.82236842105263	49.98684210526316	8210	152
21	77.49006622516556	14.64900662251656	9135	151
21	81.49115044247787	42.24336283185841	9642	226
21	81.0125	67.77083333333333	9668	240
21	80.88461538461539	86.2094017094017	9686	234
21	81.93333333333334	118.1466666666667	9838	75
21	91.24775583482945	27.94254937163375	10828	557
21	84.90434782608696	53.53043478260869	10134	115
21	87.07885304659499	105.8458781362007	10426	279
21	92	8	10928	225
21	99.98920086393089	78.52699784017278	11959	463
21	97.91414141414141	95.26262626262626	11735	198
21	99.66964285714286	61.03125	11941	224
21	102.5725190839695	117.7099236641221	12358	131
21	102.776	46.48	12286	250
21	106.6019417475728	107.878640776699	12828	206
21	110.7842639593909	17.59390862944162	13218	394
21	113.5753424657534	65.0958904109589	13625	146
21	115.245	94.31	13774	200
21	115.4864864864865	35.12612612612612	13715	111
21	116.4814814814815	49.79259259259259	13850	135
21	118.1969696969697	76.75757575757575	14117	66
21	118.3529411764706	110.6764705882353	14151	34
21	118	118	14158	25
22	7.435483870967742	5.088709677419355	725	124
22	4.28695652173913	17.47826086956522	377	115
22	2.618181818181818	34.2	274	55
22	2.3125	69.4375	189	16
22	5.362962962962963	79.54814814814814	560	135
22	6.288043478260869	103.3315217391304	703	368
22	19.74690265486726	21.90619469026549	2302	565
22	9.953125	36.0625	1116	64
22	14.14678899082569	45.43119266055046	1605	109
22	15.35185185185185	68.5925925925926	1749	108
22	17.41573033707865	112.8314606741573	2033	178
22	18.51075268817204	80.34408602150538	2240	186
22	22.26693227091634	94.24302788844622	2614	251
22	28.78260869565218	4.891304347826087	3365	138
22	30.55849056603774	49.28301886792453	3649	265
22	33.8377581120944	64.60176991150442	4025	339
22	29.54205607476635	116.1028037383178	3596	107
22	34.2093023255814	103.6232558139535	4064	215
22	31.272	79.248	3679	125
22	35.64150943396226	36.60377358490566	4237	106
22	40.02397260273973	14.46575342465753	4694	292
22	40.92485549132948	87.57225433526011	4888	173
22	43.075	27.575	5068	120
22	44.42391304347826	113.9021739130435	5274	184
22	56.21980676328502	80.06763285024155	6680	414
22	45.75	2.4375	5402	48
22	53.21527777777778	38.8125	6279	288
22	49.07727272727273	53.65454545454546	5814	220
22	52.11483253588517	98.29665071770334	6218	209
22	63.32804232804233	64.58994708994709	7505	378
22	56.12650602409639	8.710843373493976	6609	166
22	60.71129707112971	21.7489539748954	7222	239
22	55.94871794871795	111.0512820512821	6711	78
22	62.58888888888889	118.1777777777778	7558	90
22	67.91388888888889	101.9916666666667	8142	360
22	71.60795454545455	4.897727272727272	8525	176
22	68.93333333333334	50.58095238095238	8211	105
22	70.48314606741573	37.2059925093633	8317	267
22	78.00460829493088	15.86175115207373	9256	217
22	81.21513944223108	68.87250996015936	9669	251
22	80.75	86.99090909090908	9687	220
22	81.02941176470588	118.0882352941177	9718	68
22	83.54140127388536	53.17834394904459	10013	157
22	85.68787878787879	105.8181818181818	10306	330
22	84.67894736842105	30.06842105263158	10110	190
22	86.01639344262296	42.51639344262295	10243	122
22	93.93140794223827	8.566787003610107	11169	277
22	102.2166301969365	81.23194748358863	12201	457
22	92.71428571428571	93.8452380952381	11134	84
22	97.62995594713657	28.13215859030837	11668	227
22	97.68939393939394	63.6780303030303	11704	264
22	101.6382978723404	117.6099290780142	12238	141
22	102.8905109489051	46.24817518248175	12286	274
22	105.7552870090634	103.6435045317221	12704	331
22	111.5275423728814	15.98728813559322	13336	472
22	114.3917910447761	66.16417910447761	13626	268
22	116.0205479452055	37.36301369863013	13837	146
22	117.135593220339	94.78813559322033	14015	118
22	116.5909090909091	50.63636363636363	13971	66
22	117.8354430379747	113.0886075949367	14153	79
23	6.987096774193549	6.219354838709678	726	155
23	4.122448979591836	20.01020408163265	380	98
23	10.26950354609929	31.25531914893617	1111	282
23	11.02097902097902	82.09090909090909	1282	429
23	6.569536423841059	106.2317880794702	826	302
23	18.82065217391304	16.71195652173913	2177	184
23	19.09677419354839	109.8427419354839	2270	248
23	17.43181818181818	71.06818181818181	1991	44
23	22.5609756097561	93.5	2734	164
23	20.27368421052632	39.54736842105263	2320	95
23	28.26829268292683	7.411149825783972	3247	287
23	29.3006993006993	49.66783216783217	3410	286
23	36.05643340857788	67.29119638826185	4267	443
23	30.97	80.44	3680	100
23	32.63636363636363	104.6493506493507	3945	77
23	39.79807692307692	27.46634615384615	4707	416
23	40.78676470588236	89.45955882352941	4889	272
23	42.5045045045045	111.1486486486486	5151	222
23	42.72839506172839	9.753086419753087	5050	81
23	45.58536585365854	2.560975609756098	5403	41
23	48.50655021834061	53.12663755458515	5813	229
23	53.86153846153846	38.15384615384615	6398	260
23	52.38	99.01333333333334	6219	150
23	59.11145510835913	82.60371517027863	7043	323
23	52.0625	11.6375	6132	80
23	57.06486486486487	114.6756756756757	6835	185
23	59.71515151515152	69.92121212121212	7150	165
23	56.24390243902439	2.804878048780488	6603	41
23	61.66666666666666	22.87254901960784	7343	204
23	65.73333333333333	60.55238095238095	7861	210
23	63.9054054054054	11.5	7572	148
23	68.25945945945946	105.7216216216216	8146	370
23	69.91907514450867	48.50289017341041	8329	173
23	69.15384615384616	3.064102564102564	8163	78
23	70.7	35.17727272727273	8435	220
23	79.8961038961039	69.86147186147186	9550	231
23	77.05208333333333	88.22916666666667	9208	192
23	77.49579831932773	11.94957983193277	9132	119
23	81.65034965034965	23.81818181818182	9744	143
23	84.30601092896175	53.21311475409836	10013	183
23	87.02293577981651	107.4220183486239	10427	436
23	92.10115606936417	8.88150289017341	10929	346
23	86.66233766233766	33.38961038961039	10353	77
23	85.62264150943396	41.9622641509434	10242	106
23	89.34418604651162	86.59069767441861	10647	215
23	97.32885906040268	64.30872483221476	11584	298
23	98.84697508896797	30.95017793594306	11791	281
23	104.0266272189349	82.24556213017752	12442	338
23	102.9047619047619	47.85238095238095	12288	210
23	106.9135446685879	104.014409221902	12824	347
23	106.9047619047619	118.0238095238095	12838	84
23	111.5288270377734	14.86878727634195	13335	503
23	113.812030075188	65	13625	266
23	115.7777777777778	37.52287581699346	13838	153
23	116.6885245901639	50.34426229508197	13970	61
23	117.4797297297297	90.66216216216216	14011	148
23	118.7272727272727	113.0909090909091	14273	55
24	7.375	5.205882352941177	725	136
24	4.338235294117647	15.88235294117647	376	68
24	8.872131147540983	29.67540983606557	990	305
24	14.85026737967914	79.67379679144385	1760	187
24	5.321428571428571	87.46428571428571	567	140
24	7.477341389728097	106.6646525679758	827	331
24	10.88059701492537	44.32835820895522	1244	67
24	18.81025641025641	16.4	2176	195
24	16.23863636363636	116.3068181818182	1916	88
24	19.47413793103448	91.10344827586206	2251	116
24	23.1864406779661	36.01694915254237	2676	236
24	25.75675675675676	2.472972972972973	3002	74
24	25.89763779527559	102.7677165354331	3103	254
24	28.51079136690647	10.19424460431655	3370	139
24	29.31535269709543	49.56846473029046	3410	241
24	28.69090909090909	64.54545454545455	3425	110
24	29.71538461538461	115.7307692307692	3596	130
24	31.02870813397129	79.54066985645933	3680	209
24	39.07888040712468	27.90330788804071	4588	393
24	42.14726027397261	88.89726027397261	5009	292
24	40.63291139240506	67.53797468354431	4868	158
24	45.74110032362459	9.36569579288026	5409	309
24	47.25083612040134	53.92642140468227	5574	299
24	42.67555555555555	111.3333333333333	5151	225
24	54.3695652173913	38.35869565217391	6398	276
24	50	100	5980	106
24	58	82.3992673992674	6922	273
24	58.86124401913876	68.81818181818181	7029	209
24	57.62068965517241	113.6108374384236	6954	203
24	61.33971291866029	22.73205741626794	7223	209
24	63.77586206896552	3.370689655172414	7563	116
24	67.04907975460122	12.01226993865031	7932	163
24	64.74090909090908	99.86818181818182	7780	220
24	66.53968253968254	60.34920634920635	7980	126
24	70.97109826589596	51.15028901734104	8451	173
24	70.74893617021277	36.8936170212766	8437	235
24	72.50714285714285	114.6214285714286	8755	140
24	75.8502024291498	87.48178137651821	9087	247
24	81.89090909090909	74.94545454545455	9795	220
24	80.98823529411764	23.24705882352941	9623	170
24	85.21658986175115	63.92165898617512	10144	217
24	84.36	104.0577777777778	10064	225
24	81.16666666666667	2.803030303030303	9603	66
24	85.0939226519337	11.40331491712707	10091	181
24	86.39366515837104	37.69230769230769	10238	221
24	87.15060240963855	52.18674698795181	10372	166
24	88.39156626506023	115.566265060241	10556	166
24	90.67021276595744	91.55319148936171	10892	188
24	98.16201117318435	27.6536312849162	11668	179
24	95.90909090909091	5.532467532467533	11406	77
24	102.864768683274	81.00711743772241	12321	281
24	109.117202268431	15.29678638941399	12975	529
24	100.5765306122449	43.30102040816327	12043	196
24	101.9056603773585	63.79245283018868	12184	212
24	105.9854227405248	103.7405247813411	12704	343
24	105.84	117.54	12718	100
24	108.5277777777778	49.31944444444444	13009	72
24	114.7319587628866	59.09278350515464	13739	97
24	115.3220338983051	69.88135593220339	13750	118
24	115.9746192893401	89.13197969543147	13889	197
24	115.4294478527607	37.33128834355828	13717	163
24	116.5526315789474	2.736842105263158	13923	38
24	117.1153846153846	50.23076923076923	13970	52
24	118.1139240506329	112.6075949367089	14153	79
25	5.862745098039215	5.068627450980392	605	102
25	3.961538461538462	16.92307692307692	377	78
25	9.115241635687733	30.78066914498141	991	269
25	5.585185185185185	86.23703703703704	686	135
25	6.642857142857143	98.84920634920636	819	126
25	5.61875	112.5	713	160
25	11.06896551724138	43.63218390804597	1244	87
25	17.67672413793104	86.17241379310344	2126	232
25	21.98526315789474	13.61052631578947	2534	475
25	19.03361344537815	116.6302521008403	2277	119
25	24.59826589595376	103.7167630057804	2984	346
25	35.23825503355705	29.8003355704698	4110	596
25	28.44866920152091	48.19391634980989	3288	263
25	25.97777777777778	1.955555555555555	3002	45
25	27.58064516129032	60.93548387096774	3301	62
25	37.285140562249	84.83734939759036	4405	498
25	40.28767123287671	113.9109589041096	4794	292
25	39.43307086614173	64.15748031496064	4624	254
25	46.08389261744966	8.45973154362416	5408	298
25	45.6985294117647	47.18382352941177	5447	136
25	47.78333333333333	99.74166666666666	5740	120
25	52.40606060606061	58.93939393939394	6179	165
25	50.32758620689656	38.08620689655172	5918	58
25	57.59003831417625	82.08045977011494	6922	261
25	59.46043165467626	71.06474820143885	7031	139
25	61.09090909090909	103.6338383838384	7304	396
25	60.48571428571429	27.17142857142857	7107	280
25	57.15151515151515	43.98484848484848	6764	66
25	64	3.5	7564	114
25	67.22321428571429	13.61607142857143	7934	224
25	71.24497991967871	51.48995983935743	8451	249
25	67.16666666666667	62.10666666666667	7982	150
25	70.27748691099477	36.90575916230367	8317	191
25	71.71428571428571	113.687074829932	8634	147
25	75.71487603305785	88.15702479338843	9088	242
25	77.00769230769231	74.3	9194	130
25	82.29655172413793	24.31034482758621	9744	145
25	84.48292682926829	104.8390243902439	10065	205
25	81.97297297297297	2.851351351351351	9723	74
25	85.35754189944134	65.18435754189944	10145	179
25	84.34567901234568	11.81481481481481	9972	162
25	84.5081081081081	38.06486486486487	10118	185
25	88.87830687830687	116.037037037037	10676	189
25	88.06622516556291	52.94701986754967	10493	151
25	92.44615384615385	92.30384615384615	11012	260
25	89.13924050632912	78.77215189873418	10639	79
25	106.0990371389271	21.62173314993122	12622	727
25	98.68075117370893	43.76056338028169	11804	213
25	101.1071428571429	4.726190476190476	12005	168
25	102.1319648093842	76.61876832844575	12197	341
25	100.8095238095238	60.02380952380953	12060	84
25	104.1304347826087	104.9951690821256	12465	207
25	107.0384615384615	116.6538461538462	12837	104
25	111.4846153846154	49.37692307692308	13249	130
25	114.2142857142857	92.79523809523809	13653	210
25	113.5	59	13619	128
25	115.4469273743017	72.64804469273743	13753	179
25	115.8595041322314	39.05785123966942	13839	121
25	116.5	3	13923	40
25	117.3214285714286	111.1964285714286	14031	112
26	6.295019157088123	11.44827586206897	611	261
26	9.108695652173912	31.44202898550725	991	276
26	5.716666666666667	76.15000000000001	676	60
26	5.671957671957672	89.04232804232804	689	189
26	7.75	101.2142857142857	941	56
26	5.77906976744186	112.4418604651163	712	172
26	10.94642857142857	44.05357142857143	1244	56
26	19.82835820895522	116.134328358209	2396	134
26	19.64591439688716	14.6420233463035	2295	257
26	23.04270462633452	103.2491103202847	2743	281
26	24	37.52879581151832	2798	191
26	28.37269372693727	50.67158671586716	3291	271
26	24.76086956521739	2.08695652173913	2882	46
26	38.35401459854015	64.50729927007299	4505	274
26	31.39568345323741	11.26618705035971	3611	139
26	39.72829131652661	25.45378151260504	4705	357
26	39.15162454873646	113.8880866425993	4674	277
26	41.444	84.032	4884	250
26	46.74747474747475	8.565656565656566	5529	297
26	45.66666666666666	38.44594594594594	5438	222
26	55.78726968174205	101.6633165829146	6702	597
26	44.03174603174603	47.79365079365079	5208	63
26	52.78181818181818	58.17727272727273	6298	220
26	58.78301886792453	82.14465408805032	7042	318
26	55.875	24.2375	6624	80
26	65.07450980392157	46.94117647058823	7727	255
26	60.90721649484536	69.55670103092784	7270	97
26	59.23880597014925	118.1044776119403	7078	67
26	64.05042016806723	3.815126050420168	7564	119
26	67.90000000000001	14.4	8054	210
26	67.97695852534562	33.2258064516129	8073	217
26	64.63636363636364	24.43939393939394	7704	66
26	68.62589928057554	61.20863309352518	8221	139
26	72.55952380952381	113.6428571428571	8754	168
26	74.6474358974359	77.62179487179488	8958	156
26	75.80869565217391	90.35652173913043	9090	115
26	81.54320987654322	2.91358024691358	9723	81
26	85.11929824561403	66.11578947368422	10146	285
26	82.80606060606061	26.46060606060606	9866	165
26	83.02439024390245	40.57317073170731	9881	164
26	83.90506329113924	12.10126582278481	9972	158
26	89.7258064516129	115.6344086021505	10796	186
26	88.78260869565217	52.53043478260869	10613	115
26	91.88339222614842	92.83745583038869	11013	283
26	88.41025641025641	79.88461538461539	10520	78
26	103.3152709359606	22.78653530377668	12263	609
26	97	43.6474358974359	11564	156
26	103.8934426229508	5.012295081967213	12365	244
26	102.7670807453416	78.6024844720497	12319	322
26	101.4736842105263	61.95488721804512	12062	133
26	105.3084577114428	104.3980099502488	12584	201
26	111.9113475177305	52.88297872340426	13373	282
26	110.0063291139241	116.2721518987342	13196	158
26	114.6648936170213	36.97340425531915	13717	188
26	115.1183431952663	93.14201183431953	13773	169
26	115.6458333333333	72.61979166666667	13873	192
26	118.1272727272727	107.9636363636364	14148	55
26	118.5490196078431	12.68627450980392	14173	51
27	6.42910447761194	12.48134328358209	612	268
27	2.461538461538462	72.56410256410257	193	39
27	5.848837209302325	87.65697674418605	688	172
27	16.47741935483871	102.7290322580645	1903	310
27	5.715976331360947	112.603550295858	713	169
27	20.94189602446483	10.26299694189602	2410	327
27	18.23979591836735	32.9030612244898	2073	196
27	18.88888888888889	116.0683760683761	2276	117
27	27.05625	46.678125	3167	320
27	35.29473684210527	26.36140350877193	4106	285
27	36.41132075471698	64.07924528301886	4264	265
27	35.54913294797688	115.849710982659	4316	173
27	44.10878661087866	9.267782426778243	5169	239
27	44.66202090592334	42.28919860627177	5322	287
27	43.06382978723404	80.0709219858156	5120	141
27	50.7952380952381	57.77619047619048	6058	210
27	61.00195694716243	102.3111545988258	7302	511
27	48.94871794871795	2.461538461538462	5762	39
27	52.08256880733945	24.51376146788991	6145	218
27	57.77675840978593	85.28134556574923	6925	327
27	67.00537634408602	114.5322580645161	8035	372
27	58.93203883495146	70.64563106796116	7031	206
27	64.68300653594771	46.77777777777778	7727	306
27	63.82122905027933	5.284916201117318	7565	179
27	65.2303664921466	30.47120418848167	7710	191
27	68.45	15.38888888888889	8055	180
27	72.27467811158799	60.20171673819743	8580	233
27	75.3963963963964	88.81981981981981	8969	111
27	74.5530303030303	77.10606060606061	8957	132
27	80.66423357664233	26.74087591240876	9627	274
27	84.99568965517241	40.32758620689656	10120	232
27	83.03809523809524	8.285714285714286	9848	210
27	86.4896265560166	68.26141078838174	10268	241
27	89.28985507246377	54.03623188405797	10614	138
27	88.73148148148148	116.6018518518518	10677	108
27	95.11529933481152	90.39911308203992	11370	451
27	88.32203389830508	80.27118644067797	10520	59
27	89.84732824427481	106.4045801526718	10786	131
27	104.0509049773756	17.28054298642534	12377	884
27	98.97435897435898	45.00641025641026	11805	156
27	105.5027932960894	75.98324022346368	12676	179
27	100.7619047619048	63.10476190476191	12063	105
27	103.5826771653543	116.1496062992126	12476	127
27	112.6171875	54.04296875	13494	256
27	114.5029239766082	38.66666666666666	13719	171
27	114.8598130841121	94.90654205607477	13775	214
27	116.0757575757576	112.8030303030303	13913	132
27	118.0786516853933	75.51685393258427	14116	89
27	118.4137931034483	12.96551724137931	14053	58
28	5.641304347826087	4.836956521739131	605	92
28	6.563291139240507	16.91139240506329	737	158
28	2.372093023255814	73.11627906976744	193	43
28	5.858108108108108	88.75	689	148
28	15.93840579710145	102.8405797101449	1903	276
28	5.644171779141105	112.8466257668712	713	163
28	13.24444444444444	46.26666666666667	1486	45
28	17.73563218390805	33.86781609195403	2074	174
28	18.10280373831776	7.831775700934579	2048	107
28	18.5	115.5	2276	122
28	16.49523809523809	90.57142857142857	1891	105
28	25.48275862068965	2.172413793103448	2882	58
28	28.42329545454545	46.06818181818182	3286	352
28	33.83098591549296	28.75117370892019	3989	213
28	35.63223140495868	63.60743801652892	4264	242
28	37.55582524271845	13.36650485436893	4453	412
28	45.71929824561403	79.61842105263158	5480	228
28	46.14107883817427	41.92116182572614	5442	241
28	48.075	2.55	5643	40
28	50.37931034482759	57.42672413793103	5937	232
28	52.43589743589744	24.52564102564103	6145	156
28	58.74407582938389	69.58767772511848	7030	211
28	52.74324324324324	11.13513513513514	6251	74
28	57.57692307692308	116.4807692307692	6956	104
28	62.86754966887417	5.132450331125828	7445	151
28	62.71428571428572	46.54591836734694	7487	196
28	64.30078125	29.6796875	7590	256
28	61.89839572192513	85.524064171123	7406	187
28	68.36111111111111	14.84722222222222	8055	144
28	70.60736196319019	60.70552147239264	8461	163
28	73.79237288135593	113.2881355932203	8873	236
28	73.33050847457628	75.84745762711864	8716	118
28	76.31428571428572	88.25142857142858	9088	175
28	73.69230769230769	47.57692307692308	8808	52
28	79.16666666666667	4.96969696969697	9365	132
28	78.33522727272727	30.49431818181818	9270	176
28	87.10196078431373	40.61176470588235	10361	255
28	78.44827586206897	99.65517241379311	9340	87
28	86.50490196078431	54.3921568627451	10374	204
28	84.42021276595744	17.95744680851064	9978	188
28	85.83935742971887	68.42570281124497	10268	249
28	95.10526315789474	85.60110803324099	11366	361
28	97.23529411764706	103.3247058823529	11623	425
28	103.2368421052632	16.98325358851675	12257	836
28	103.7919075144509	116.6242774566474	12477	173
28	105.8595505617977	76.17415730337079	12676	178
28	99.54166666666667	43.08333333333334	11923	96
28	101.5984848484848	62.53787878787879	12183	132
28	111.3320895522388	52.79477611940298	13253	268
28	115.4057142857143	38.31428571428572	13718	175
28	113.71875	67.28125	13627	96
28	115.7653429602888	90.11191335740072	13890	277
28	117.4347826086957	111.6086956521739	14032	92
28	118.2758620689655	9.804597701149426	14050	87
29	5.72	6.36	606	125
29	6.766871165644171	40.52147239263804	761	163
29	7.874626865671642	84.34626865671642	924	335
29	10.20183486238532	101.7935779816514	1182	218
29	11.74181818181818	114.5054545454545	1435	275
29	17.51041666666667	34.65625	2075	192
29	20.95977011494253	5.183908045977011	2405	174
29	18.82716049382716	17.69135802469136	2178	162
29	27.15409836065574	47.51475409836065	3168	305
29	34.25742574257426	28.8019801980198	3989	202
29	36.95510204081633	64.03673469387755	4384	245
29	37.78358208955224	13.3134328358209	4453	402
29	44.86629526462396	43.01949860724234	5323	359
29	42.00826446280992	78.6694214876033	4999	121
29	47.40625	2.34375	5522	32
29	51.90338164251208	59.19806763285024	6179	207
29	52.99358974358974	25.73717948717949	6266	156
29	51.32038834951457	78.66990291262135	6079	103
29	60.41666666666666	9.869791666666666	7090	384
29	60.36153846153846	68.99230769230769	7149	130
29	62.73125	49.03125	7489	160
29	62.59328358208955	86.55223880597015	7527	268
29	64.85039370078741	31.5748031496063	7712	254
29	72.60240963855422	61.13855421686747	8701	166
29	72.8468085106383	113.3702127659574	8753	235
29	72.536	75.048	8715	125
29	74.60629921259843	47.01574803149607	8927	127
29	81.0295358649789	16.61181434599156	9617	237
29	78.94285714285714	93.05079365079365	9453	315
29	80.93150684931507	5.034246575342466	9605	146
29	78.83499999999999	31.085	9391	200
29	85.98984771573605	71.23350253807106	10271	197
29	88.25242718446601	56.8252427184466	10497	206
29	88.84166666666667	41.17083333333333	10601	240
29	94.20996441281139	85.12811387900356	11245	281
29	100.292817679558	104.1657458563536	11984	362
29	105.19595314164	16.37380191693291	12496	939
29	103.3020134228188	117.4295302013423	12357	149
29	107.9744525547445	70.40693430656934	12910	548
29	103.368932038835	43.95145631067961	12284	206
29	113.8169934640523	54.5359477124183	13615	153
29	108.4814814814815	90.58024691358025	12931	81
29	115.43	99.37	13779	100
29	116.0186335403727	38.25465838509317	13838	161
29	117.4390243902439	111.6463414634146	14032	82
30	13.57467532467532	6.603896103896104	1567	308
30	4.75	17.40476190476191	497	84
30	6.868312757201646	40.99176954732511	761	243
30	7.577712609970675	84.60117302052785	925	341
30	11.66315789473684	103.1736842105263	1423	190
30	2.325	106.95	227	40
30	12.00485436893204	115.7912621359223	1436	206
30	24.09897610921502	22.16723549488055	2782	293
30	24.55679702048417	43.55679702048417	2924	537
30	20.08620689655172	96.20689655172414	2376	58
30	37.89523809523809	11.01904761904762	4451	420
30	36.5764705882353	64.94705882352942	4385	170
30	43.83905013192612	41.29815303430079	5201	379
30	47.47307692307692	78.36538461538461	5598	260
30	48.83084577114428	59.29353233830846	5819	201
30	60.28782287822878	95.85977859778598	7176	542
30	50.71428571428572	26.36054421768707	6026	147
30	58.30919220055711	10.51532033426184	6851	359
30	62.08982035928144	49.11377245508982	7369	167
30	62.72839506172839	36.72222222222222	7477	162
30	69.45210727969349	27.39846743295019	8187	261
30	70.72850678733032	61.38009049773756	8461	221
30	72.16	113.7714285714286	8634	175
30	73.67647058823529	4.578431372549019	8765	102
30	72.77777777777777	76.22962962962963	8716	135
30	82.075	15.9	9736	240
30	76.07042253521126	46.35211267605634	9046	142
30	77.64150943396227	89.0377358490566	9329	106
30	78.80869565217391	99.8	9460	115
30	83.15789473684211	30.51754385964912	9871	114
30	85.44549763033176	71.26540284360189	10151	211
30	87.24090909090908	113.3863636363636	10433	220
30	89.85294117647059	55.28676470588236	10735	272
30	85	4.5	10085	72
30	92.61111111111111	87.23202614379085	11127	306
30	89.82203389830508	41.74576271186441	10722	118
30	93.87671232876713	102.0753424657534	11262	146
30	104.7772020725389	17.30984455958549	12497	965
30	107.8520179372197	72.25112107623319	12912	669
30	107.2926829268293	118.0975609756098	12838	123
30	103.8725490196078	45.34313725490196	12405	204
30	105.6648044692737	106.2122905027933	12706	179
30	115.6941176470588	37.45294117647059	13837	170
30	115.859756097561	105.1890243902439	13905	164
30	116.0909090909091	52.38636363636363	13852	88
30	117.5175438596491	87.32456140350877	14127	114
